0
0
0
0
0
0
0
0
0
0
0
0
0
0
0
0
0
0
0
0
0
0
0
0
0
0
0
0
0
0
0
0
0
0
0
0
0
0
0
0
0
0
0
0
0
0
0
0
0
0
0
0
0
0
0
0
0
0
0
0
0
0
0
0
0
0
0
0
0
0
0
0
0
0
0
0
0
0
0
0
0
0
0
0
0
0
0
0
0
0
0
0
0
0
0
0
0
0
0
0
0
0
0
0
0
0
0
0
0
0
0
0
0
0
0
0
0
0
0
0
0
0
0
0
0
0
0
0
0
0
0
0
0
0
0
0
0
0
0
0
0
0
0
0
0
0
0
0
0
0
0
0
0
0
0
0
0
0
0
0
0
0
0
0
0
0
0
0
0
0
0
0
0
0
0
0
0
0
0
0
0
0
0
0
0
0
0
0
0
0
0
0
0
0
0
0
0
0
0
0
0
0
0
0
0
0
0
0
0
0
0
0
0
0
0
0
0
0
0
4016259392
2
5
3
4
10
6
25
15
9
8
20
12
50
30
18
125
75
45
27
16
40
24
100
60
36
250
150
90
54
625
375
225
135
81
32
80
48
200
120
72
500
300
180
108
1250
750
450
270
162
3125
1875
1125
675
405
243
64
160
96
400
240
144
1000
600
360
216
2500
1500
900
540
324
6250
3750
2250
1350
810
486
15625
9375
5625
3375
2025
1215
729
128
320
192
800
480
288
2000
1200
720
432
5000
3000
1800
1080
648
12500
7500
4500
2700
1620
972
31250
18750
11250
6750
4050
2430
1458
78125
46875
28125
16875
10125
6075
3645
2187
256
640
384
1600
960
576
4000
2400
1440
864
10000
6000
3600
2160
1296
25000
15000
9000
5400
3240
1944
62500
37500
22500
13500
8100
4860
2916
156250
93750
56250
33750
20250
12150
7290
4374
390625
234375
140625
84375
50625
30375
18225
10935
6561
512
1280
768
3200
1920
1152
8000
4800
2880
1728
20000
12000
7200
4320
2592
50000
30000
18000
10800
6480
3888
125000
75000
45000
27000
16200
9720
5832
312500
187500
112500
67500
40500
24300
14580
8748
781250
468750
281250
168750
101250
60750
36450
21870
13122
1953125
1171875
703125
421875
253125
151875
91125
54675
32805
19683
1024
2560
1536
6400
3840
2304
16000
9600
5760
3456
40000
24000
14400
8640
5184
100000
60000
36000
21600
12960
7776
250000
150000
90000
54000
32400
19440
11664
625000
375000
225000
135000
81000
48600
29160
17496
1562500
937500
562500
337500
202500
121500
72900
43740
26244
3906250
2343750
1406250
843750
506250
303750
182250
109350
65610
39366
9765625
5859375
3515625
2109375
1265625
759375
455625
273375
164025
98415
59049
2048
5120
3072
12800
7680
4608
32000
19200
11520
6912
80000
48000
28800
17280
10368
200000
120000
72000
43200
25920
15552
500000
300000
180000
108000
64800
38880
23328
1250000
750000
450000
270000
162000
97200
58320
34992
3125000
1875000
1125000
675000
405000
243000
145800
87480
52488
7812500
4687500
2812500
1687500
1012500
607500
364500
218700
131220
78732
19531250
11718750
7031250
4218750
2531250
1518750
911250
546750
328050
196830
118098
48828125
29296875
17578125
10546875
6328125
3796875
2278125
1366875
820125
492075
295245
177147
4096
10240
6144
25600
15360
9216
64000
38400
23040
13824
160000
96000
57600
34560
20736
400000
240000
144000
86400
51840
31104
1000000
600000
360000
216000
129600
77760
46656
2500000
1500000
900000
540000
324000
194400
116640
69984
6250000
3750000
2250000
1350000
810000
486000
291600
174960
104976
15625000
9375000
5625000
3375000
2025000
1215000
729000
437400
262440
157464
39062500
23437500
14062500
8437500
5062500
3037500
1822500
1093500
656100
393660
236196
97656250
58593750
35156250
21093750
12656250
7593750
4556250
2733750
1640250
984150
590490
354294
244140625
146484375
87890625
52734375
31640625
18984375
11390625
6834375
4100625
2460375
1476225
885735
531441
8192
20480
12288
51200
30720
18432
128000
76800
46080
27648
320000
192000
115200
69120
41472
800000
480000
288000
172800
103680
62208
2000000
1200000
720000
432000
259200
155520
93312
5000000
3000000
1800000
1080000
648000
388800
233280
139968
12500000
7500000
4500000
2700000
1620000
972000
583200
349920
209952
31250000
18750000
11250000
6750000
4050000
2430000
1458000
874800
524880
314928
78125000
46875000
28125000
16875000
10125000
6075000
3645000
2187000
1312200
787320
472392
195312500
117187500
70312500
42187500
25312500
15187500
9112500
5467500
3280500
1968300
1180980
708588
488281250
292968750
175781250
105468750
63281250
37968750
22781250
13668750
8201250
4920750
2952450
1771470
1062882
1220703125
732421875
439453125
263671875
158203125
94921875
56953125
34171875
20503125
12301875
7381125
4428675
2657205
1594323
16384
40960
24576
102400
61440
36864
256000
153600
92160
55296
640000
384000
230400
138240
82944
1600000
960000
576000
345600
207360
124416
4000000
2400000
1440000
864000
518400
311040
186624
10000000
6000000
3600000
2160000
1296000
777600
466560
279936
25000000
15000000
9000000
5400000
3240000
1944000
1166400
699840
419904
62500000
37500000
22500000
13500000
8100000
4860000
2916000
1749600
1049760
629856
156250000
93750000
56250000
33750000
20250000
12150000
7290000
4374000
2624400
1574640
944784
390625000
234375000
140625000
84375000
50625000
30375000
18225000
10935000
6561000
3936600
2361960
1417176
976562500
585937500
351562500
210937500
126562500
75937500
45562500
27337500
16402500
9841500
5904900
3542940
2125764
2441406250
1464843750
878906250
527343750
316406250
189843750
113906250
68343750
41006250
24603750
14762250
8857350
5314410
3188646
3662109375
2197265625
1318359375
791015625
474609375
284765625
170859375
102515625
61509375
36905625
22143375
13286025
7971615
4782969
32768
81920
49152
204800
122880
73728
512000
307200
184320
110592
1280000
768000
460800
276480
165888
3200000
1920000
1152000
691200
414720
248832
8000000
4800000
2880000
1728000
1036800
622080
373248
20000000
12000000
7200000
4320000
2592000
1555200
933120
559872
50000000
30000000
18000000
10800000
6480000
3888000
2332800
1399680
839808
125000000
75000000
45000000
27000000
16200000
9720000
5832000
3499200
2099520
1259712
312500000
187500000
112500000
67500000
40500000
24300000
14580000
8748000
5248800
3149280
1889568
781250000
468750000
281250000
168750000
101250000
60750000
36450000
21870000
13122000
7873200
4723920
2834352
1953125000
1171875000
703125000
421875000
253125000
151875000
91125000
54675000
32805000
19683000
11809800
7085880
4251528
2929687500
1757812500
1054687500
632812500
379687500
227812500
136687500
82012500
49207500
29524500
17714700
10628820
6377292
2636718750
1582031250
949218750
569531250
341718750
205031250
123018750
73811250
44286750
26572050
15943230
9565938
3955078125
2373046875
1423828125
854296875
512578125
307546875
184528125
110716875
66430125
39858075
23914845
14348907
65536
163840
98304
409600
245760
147456
1024000
614400
368640
221184
2560000
1536000
921600
552960
331776
6400000
3840000
2304000
1382400
829440
497664
16000000
9600000
5760000
3456000
2073600
1244160
746496
40000000
24000000
14400000
8640000
5184000
3110400
1866240
1119744
100000000
60000000
36000000
21600000
12960000
7776000
4665600
2799360
1679616
250000000
150000000
90000000
54000000
32400000
19440000
11664000
6998400
4199040
2519424
625000000
375000000
225000000
135000000
81000000
48600000
29160000
17496000
10497600
6298560
3779136
1562500000
937500000
562500000
337500000
202500000
121500000
72900000
43740000
26244000
15746400
9447840
5668704
3906250000
2343750000
1406250000
843750000
506250000
303750000
182250000
109350000
65610000
39366000
23619600
14171760
8503056
3515625000
2109375000
1265625000
759375000
455625000
273375000
164025000
98415000
59049000
35429400
21257640
12754584
3164062500
1898437500
1139062500
683437500
410062500
246037500
147622500
88573500
53144100
31886460
19131876
2847656250
1708593750
1025156250
615093750
369056250
221433750
132860250
79716150
47829690
28697814
2562890625
1537734375
922640625
553584375
332150625
199290375
119574225
71744535
43046721
131072
327680
196608
819200
491520
294912
2048000
1228800
737280
442368
5120000
3072000
1843200
1105920
663552
12800000
7680000
4608000
2764800
1658880
995328
32000000
19200000
11520000
6912000
4147200
2488320
1492992
80000000
48000000
28800000
17280000
10368000
6220800
3732480
2239488
200000000
120000000
72000000
43200000
25920000
15552000
9331200
5598720
3359232
500000000
300000000
180000000
108000000
64800000
38880000
23328000
13996800
8398080
5038848
1250000000
750000000
450000000
270000000
162000000
97200000
58320000
34992000
20995200
12597120
7558272
3125000000
1875000000
1125000000
675000000
405000000
243000000
145800000
87480000
52488000
31492800
18895680
11337408
2812500000
1687500000
1012500000
607500000
364500000
218700000
131220000
78732000
47239200
28343520
17006112
2531250000
1518750000
911250000
546750000
328050000
196830000
118098000
70858800
42515280
25509168
3796875000
2278125000
1366875000
820125000
492075000
295245000
177147000
106288200
63772920
38263752
3417187500
2050312500
1230187500
738112500
442867500
265720500
159432300
95659380
57395628
3075468750
1845281250
1107168750
664301250
398580750
239148450
143489070
86093442
2767921875
1660753125
996451875
597871125
358722675
215233605
129140163
262144
655360
393216
1638400
983040
589824
4096000
2457600
1474560
884736
10240000
6144000
3686400
2211840
1327104
25600000
15360000
9216000
5529600
3317760
1990656
64000000
38400000
23040000
13824000
8294400
4976640
2985984
160000000
96000000
57600000
34560000
20736000
12441600
7464960
4478976
400000000
240000000
144000000
86400000
51840000
31104000
18662400
11197440
6718464
1000000000
600000000
360000000
216000000
129600000
77760000
46656000
27993600
16796160
10077696
2500000000
1500000000
900000000
540000000
324000000
194400000
116640000
69984000
41990400
25194240
15116544
3750000000
2250000000
1350000000
810000000
486000000
291600000
174960000
104976000
62985600
37791360
22674816
3375000000
2025000000
1215000000
729000000
437400000
262440000
157464000
94478400
56687040
34012224
3037500000
1822500000
1093500000
656100000
393660000
236196000
141717600
85030560
51018336
2733750000
1640250000
984150000
590490000
354294000
212576400
127545840
76527504
2460375000
1476225000
885735000
531441000
318864600
191318760
114791256
3690562500
2214337500
1328602500
797161500
478296900
286978140
172186884
3321506250
1992903750
1195742250
717445350
430467210
258280326
2989355625
1793613375
1076168025
645700815
387420489
524288
1310720
786432
3276800
1966080
1179648
8192000
4915200
2949120
1769472
20480000
12288000
7372800
4423680
2654208
51200000
30720000
18432000
11059200
6635520
3981312
128000000
76800000
46080000
27648000
16588800
9953280
5971968
320000000
192000000
115200000
69120000
41472000
24883200
14929920
8957952
800000000
480000000
288000000
172800000
103680000
62208000
37324800
22394880
13436928
2000000000
1200000000
720000000
432000000
259200000
155520000
93312000
55987200
33592320
20155392
3000000000
1800000000
1080000000
648000000
388800000
233280000
139968000
83980800
50388480
30233088
2700000000
1620000000
972000000
583200000
349920000
209952000
125971200
75582720
45349632
2430000000
1458000000
874800000
524880000
314928000
188956800
113374080
68024448
3645000000
2187000000
1312200000
787320000
472392000
283435200
170061120
102036672
3280500000
1968300000
1180980000
708588000
425152800
255091680
153055008
2952450000
1771470000
1062882000
637729200
382637520
229582512
2657205000
1594323000
956593800
573956280
344373768
3985807500
2391484500
1434890700
860934420
516560652
3587226750
2152336050
1291401630
774840978
3228504075
587845204
The 1500'th ugly number is 314928000.
better-gen
